101111

1 2 8.075528032546114
2 1 8.075528032546114
1 3 11.219430121039839
3 1 11.219430121039839
1 4 7.2601214767338025
4 1 7.2601214767338025
1 5 13.992474396186063
5 1 13.992474396186063
1 7 14.367799369318412
7 1 14.367799369318412
1 9 10.900742917793258
9 1 10.900742917793258
2 5 9.468712556253752
5 2 9.468712556253752
2 6 6.24326260162751
6 2 6.24326260162751
2 7 10.160805043168493
7 2 10.160805043168493
2 8 6.457120633458909
8 2 6.457120633458909
3 4 9.621740407532833
4 3 9.621740407532833
3 5 16.09314229806369
5 3 16.09314229806369
3 6 11.7372904774348
6 3 11.7372904774348
3 7 10.774509715466918
7 3 10.774509715466918
3 8 6.244525928737357
8 3 6.244525928737357
4 5 4.188583435078322
5 4 4.188583435078322
4 6 14.028535144224701
6 4 14.028535144224701
4 7 9.444647830328048
7 4 9.444647830328048
4 9 9.411878022914106
9 4 9.411878022914106
4 10 8.841658088777793
10 4 8.841658088777793
5 8 12.795132003666305
8 5 12.795132003666305
6 7 7.785642105188949
7 6 7.785642105188949
6 9 5.999036272103026
9 6 5.999036272103026
6 10 8.655771950338668
10 6 8.655771950338668
7 8 6.336927477261804
8 7 6.336927477261804
8 9 4.368957578259447
9 8 4.368957578259447
8 10 6.374375875424594
10 8 6.374375875424594
9 10 6.885558980637862
10 9 6.885558980637862
